Isabella 18 28000 17
Grace 19 38000 6
Olivia 20 42000 21
Sophia 21 20000 3
Ryan 21 47000 9
Elizabeth 22 60000 13
Mason 22 66000 24
Scarlett 23 17000 4
Luke 23 68000 20
Abigail 24 64000 8
Nathan 24 30000 12
Emma 25 41000 18
Eli 25 21000 7
Emily 26 56000 11
Adam 26 31000 2
Sofia 27 44000 25
Ava 28 61000 15
Daniel 28 23000 1
Charlotte 29 58000 19
Ella 29 50000 5
Evelyn 30 65000 22
Christopher 30 45000 10
Victoria 31 39000 16
Dylan 31 19000 23
Mia 32 22000 14
Julian 32 67000 6
Zoey 33 24000 21
Christian 33 59000 3
Avery 34 49000 9
Jeremiah 34 69000 13
Chloe 34 46000 24
Andrew 34 29000 4
Caleb 34 40000 20
William 35 55000 8
Brooklyn 35 18000 12
Nora 36 26000 18
Josiah 36 33000 7
Harper 37 63000 11
Anthony 37 57000 2
Jackson 38 27000 25
Samuel 38 16000 15
Lily 38 62000 1
Joshua 38 35000 19
Neilson 38 36000 5
Natalie 39 70000 22
Colton 39 54000 10
Oliver 40 25000 16
Charles 40 53000 23
Connor 41 34000 14
Isla 42 48000 21
Lincoln 42 37000 17
Elijah 43 52000 6
Ethan 44 51000 21
Owen 44 32000 3
Noah 45 43000 9
Peyton 45 15000 13
Liam 46 69000 24
Ellie 46 41000 4
Isaac 46 32000 20
Amelia 47 25000 8
Genesis 47 43000 12
Hannah 47 59000 18
Sherif 48 39000 7
Anna 48 61000 11
Isaiah 48 23000 2
Michael 49 30000 25
Leah 49 65000 15
James 50 26000 1
Alexander 50 69000 19
Lucy 50 51000 5
Sophie 51 45000 22
Matthew 52 19000 10
Bella 52 40000 16
Jacob 53 38000 23
Eva 53 46000 14
David 54 67000 6
Maya 54 33000 21
Benjamin 55 21000 3
Claire 55 55000 9
Riley 56 20000 13
Layla 56 63000 24
Joseph 57 60000 4
Audrey 57 50000 20
Aiden 58 22000 8
Aubrey 59 58000 12
Ariana 59 68000 18
Lucas 60 64000 7
Naomi 60 27000 11
Levi 61 28000 2
Hazel 61 47000 25
Gabriel 62 42000 15
Aurora 62 17000 1
Samantha 63 66000 19
Thomas 64 44000 5
Paisley 64 18000 22
Henry 65 57000 10
Madeline 65 56000 16
Stella 66 24000 23
Penelope 67 36000 14
Lillian 68 62000 17